   10.000000000000000     
   10.090180360721442     
   10.180360721442886     
   10.270541082164328     
   10.360721442885772     
   10.450901803607215     
   10.541082164328657     
   10.631262525050101     
   10.721442885771543     
   10.811623246492985     
   10.901803607214429     
   10.991983967935871     
   11.082164328657315     
   11.172344689378757     
   11.262525050100201     
   11.352705410821644     
   11.442885771543086     
   11.533066132264530     
   11.623246492985972     
   11.713426853707414     
   11.803607214428858     
   11.893787575150300     
   11.983967935871744     
   12.074148296593187     
   12.164328657314631     
   12.254509018036073     
   12.344689378757515     
   12.434869739478959     
   12.525050100200401     
   12.615230460921843     
   12.705410821643287     
   12.795591182364729     
   12.885771543086172     
   12.975951903807616     
   13.066132264529058     
   13.156312625250502     
   13.246492985971944     
   13.336673346693388     
   13.426853707414830     
   13.517034068136272     
   13.607214428857716     
   13.697394789579159     
   13.787575150300601     
   13.877755511022045     
   13.967935871743487     
   14.058116232464929     
   14.148296593186373     
   14.238476953907817     
   14.328657314629259     
   14.418837675350701     
   14.509018036072145     
   14.599198396793588     
   14.689378757515030     
   14.779559118236474     
   14.869739478957916     
   14.959919839679358     
   15.050100200400802     
   15.140280561122246     
   15.230460921843687     
   15.320641282565131     
   15.410821643286575     
   15.501002004008017     
   15.591182364729459     
   15.681362725450903     
   15.771543086172345     
   15.861723446893787     
   15.951903807615231     
   16.042084168336672     
   16.132264529058116     
   16.222444889779560     
   16.312625250501004     
   16.402805611222444     
   16.492985971943888     
   16.583166332665332     
   16.673346693386776     
   16.763527054108216     
   16.853707414829660     
   16.943887775551104     
   17.034068136272545     
   17.124248496993989     
   17.214428857715433     
   17.304609218436873     
   17.394789579158317     
   17.484969939879761     
   17.575150300601202     
   17.665330661322646     
   17.755511022044089     
   17.845691382765530     
   17.935871743486974     
   18.026052104208418     
   18.116232464929858     
   18.206412825651306     
   18.296593186372746     
   18.386773547094187     
   18.476953907815634     
   18.567134268537075     
   18.657314629258519     
   18.747494989979963     
   18.837675350701403     
   18.927855711422847     
   19.018036072144291     
   19.108216432865731     
   19.198396793587175     
   19.288577154308619     
   19.378757515030060     
   19.468937875751504     
   19.559118236472948     
   19.649298597194388     
   19.739478957915832     
   19.829659318637276     
   19.919839679358716     
   20.010020040080160     
   20.100200400801604     
   20.190380761523045     
   20.280561122244492     
   20.370741482965933     
   20.460921843687373     
   20.551102204408821     
   20.641282565130261     
   20.731462925851702     
   20.821643286573149     
   20.911823647294590     
   21.002004008016034     
   21.092184368737477     
   21.182364729458918     
   21.272545090180362     
   21.362725450901806     
   21.452905811623246     
   21.543086172344690     
   21.633266533066134     
   21.723446893787575     
   21.813627254509019     
   21.903807615230463     
   21.993987975951903     
   22.084168336673347     
   22.174348697394791     
   22.264529058116231     
   22.354709418837679     
   22.444889779559119     
   22.535070140280560     
   22.625250501002007     
   22.715430861723448     
   22.805611222444888     
   22.895791583166336     
   22.985971943887776     
   23.076152304609220     
   23.166332665330664     
   23.256513026052104     
   23.346693386773548     
   23.436873747494992     
   23.527054108216433     
   23.617234468937877     
   23.707414829659321     
   23.797595190380761     
   23.887775551102205     
   23.977955911823649     
   24.068136272545090     
   24.158316633266534     
   24.248496993987978     
   24.338677354709418     
   24.428857715430862     
   24.519038076152306     
   24.609218436873746     
   24.699398797595194     
   24.789579158316634     
   24.879759519038075     
   24.969939879759522     
   25.060120240480963     
   25.150300601202407     
   25.240480961923851     
   25.330661322645291     
   25.420841683366735     
   25.511022044088179     
   25.601202404809619     
   25.691382765531063     
   25.781563126252507     
   25.871743486973948     
   25.961923847695392     
   26.052104208416836     
   26.142284569138276     
   26.232464929859720     
   26.322645290581164     
   26.412825651302608     
   26.503006012024048     
   26.593186372745492     
   26.683366733466936     
   26.773547094188377     
   26.863727454909821     
   26.953907815631265     
   27.044088176352705     
   27.134268537074149     
   27.224448897795593     
   27.314629258517037     
   27.404809619238478     
   27.494989979959922     
   27.585170340681366     
   27.675350701402806     
   27.765531062124250     
   27.855711422845694     
   27.945891783567134     
   28.036072144288578     
   28.126252505010022     
   28.216432865731463     
   28.306613226452907     
   28.396793587174351     
   28.486973947895795     
   28.577154308617235     
   28.667334669338679     
   28.757515030060123     
   28.847695390781563     
   28.937875751503007     
   29.028056112224451     
   29.118236472945892     
   29.208416833667336     
   29.298597194388780     
   29.388777555110220     
   29.478957915831664     
   29.569138276553108     
   29.659318637274552     
   29.749498997995993     
   29.839679358717436     
   29.929859719438880     
   30.020040080160321     
   30.110220440881765     
   30.200400801603209     
   30.290581162324649     
   30.380761523046093     
   30.470941883767537     
   30.561122244488981     
   30.651302605210422     
   30.741482965931866     
   30.831663326653310     
   30.921843687374750     
   31.012024048096194     
   31.102204408817638     
   31.192384769539078     
   31.282565130260522     
   31.372745490981966     
   31.462925851703407     
   31.553106212424851     
   31.643286573146295     
   31.733466933867739     
   31.823647294589179     
   31.913827655310623     
   32.004008016032067     
   32.094188376753507     
   32.184368737474955     
   32.274549098196395     
   32.364729458917836     
   32.454909819639283     
   32.545090180360724     
   32.635270541082164     
   32.725450901803612     
   32.815631262525052     
   32.905811623246493     
   32.995991983967940     
   33.086172344689381     
   33.176352705410821     
   33.266533066132268     
   33.356713426853709     
   33.446893787575149     
   33.537074148296597     
   33.627254509018037     
   33.717434869739478     
   33.807615230460925     
   33.897795591182366     
   33.987975951903806     
   34.078156312625254     
   34.168336673346694     
   34.258517034068134     
   34.348697394789582     
   34.438877755511022     
   34.529058116232463     
   34.619238476953910     
   34.709418837675358     
   34.799599198396791     
   34.889779559118239     
   34.979959919839686     
   35.070140280561120     
   35.160320641282567     
   35.250501002004015     
   35.340681362725448     
   35.430861723446895     
   35.521042084168343     
   35.611222444889776     
   35.701402805611224     
   35.791583166332671     
   35.881763527054112     
   35.971943887775552     
   36.062124248497000     
   36.152304609218440     
   36.242484969939881     
   36.332665330661328     
   36.422845691382769     
   36.513026052104209     
   36.603206412825656     
   36.693386773547097     
   36.783567134268537     
   36.873747494989985     
   36.963927855711425     
   37.054108216432866     
   37.144288577154313     
   37.234468937875754     
   37.324649298597194     
   37.414829659318642     
   37.505010020040082     
   37.595190380761522     
   37.685370741482970     
   37.775551102204410     
   37.865731462925851     
   37.955911823647298     
   38.046092184368739     
   38.136272545090179     
   38.226452905811627     
   38.316633266533067     
   38.406813627254508     
   38.496993987975955     
   38.587174348697395     
   38.677354709418836     
   38.767535070140283     
   38.857715430861724     
   38.947895791583164     
   39.038076152304612     
   39.128256513026059     
   39.218436873747493     
   39.308617234468940     
   39.398797595190388     
   39.488977955911821     
   39.579158316633269     
   39.669338677354716     
   39.759519038076149     
   39.849699398797597     
   39.939879759519044     
   40.030060120240485     
   40.120240480961925     
   40.210420841683373     
   40.300601202404813     
   40.390781563126254     
   40.480961923847701     
   40.571142284569142     
   40.661322645290582     
   40.751503006012030     
   40.841683366733470     
   40.931863727454910     
   41.022044088176358     
   41.112224448897798     
   41.202404809619239     
   41.292585170340686     
   41.382765531062127     
   41.472945891783567     
   41.563126252505015     
   41.653306613226455     
   41.743486973947896     
   41.833667334669343     
   41.923847695390783     
   42.014028056112224     
   42.104208416833671     
   42.194388777555112     
   42.284569138276552     
   42.374749498998000     
   42.464929859719440     
   42.555110220440888     
   42.645290581162328     
   42.735470941883769     
   42.825651302605216     
   42.915831663326657     
   43.006012024048097     
   43.096192384769545     
   43.186372745490985     
   43.276553106212425     
   43.366733466933873     
   43.456913827655313     
   43.547094188376754     
   43.637274549098201     
   43.727454909819642     
   43.817635270541082     
   43.907815631262530     
   43.997995991983970     
   44.088176352705410     
   44.178356713426858     
   44.268537074148298     
   44.358717434869739     
   44.448897795591186     
   44.539078156312627     
   44.629258517034074     
   44.719438877755515     
   44.809619238476955     
   44.899799599198403     
   44.989979959919843     
   45.080160320641284     
   45.170340681362731     
   45.260521042084171     
   45.350701402805612     
   45.440881763527059     
   45.531062124248500     
   45.621242484969940     
   45.711422845691388     
   45.801603206412828     
   45.891783567134269     
   45.981963927855716     
   46.072144288577157     
   46.162324649298597     
   46.252505010020045     
   46.342685370741485     
   46.432865731462925     
   46.523046092184373     
   46.613226452905813     
   46.703406813627254     
   46.793587174348701     
   46.883767535070142     
   46.973947895791589     
   47.064128256513030     
   47.154308617234470     
   47.244488977955918     
   47.334669338677358     
   47.424849699398798     
   47.515030060120246     
   47.605210420841686     
   47.695390781563127     
   47.785571142284574     
   47.875751503006015     
   47.965931863727455     
   48.056112224448903     
   48.146292585170343     
   48.236472945891784     
   48.326653306613231     
   48.416833667334672     
   48.507014028056112     
   48.597194388777559     
   48.687374749499000     
   48.777555110220440     
   48.867735470941888     
   48.957915831663328     
   49.048096192384776     
   49.138276553106216     
   49.228456913827657     
   49.318637274549104     
   49.408817635270545     
   49.498997995991985     
   49.589178356713433     
   49.679358717434873     
   49.769539078156313     
   49.859719438877761     
   49.949899799599201     
   50.040080160320642     
   50.130260521042089     
   50.220440881763530     
   50.310621242484970     
   50.400801603206418     
   50.490981963927858     
   50.581162324649299     
   50.671342685370746     
   50.761523046092186     
   50.851703406813627     
   50.941883767535074     
   51.032064128256515     
   51.122244488977962     
   51.212424849699403     
   51.302605210420843     
   51.392785571142291     
   51.482965931863731     
   51.573146292585172     
   51.663326653306619     
   51.753507014028060     
   51.843687374749500     
   51.933867735470947     
   52.024048096192388     
   52.114228456913828     
   52.204408817635276     
   52.294589178356716     
   52.384769539078157     
   52.474949899799604     
   52.565130260521045     
   52.655310621242485     
   52.745490981963933     
   52.835671342685373     
   52.925851703406813     
   53.016032064128261     
   53.106212424849701     
   53.196392785571149     
   53.286573146292589     
   53.376753507014030     
   53.466933867735477     
   53.557114228456918     
   53.647294589178358     
   53.737474949899806     
   53.827655310621246     
   53.917835671342687     
   54.008016032064134     
   54.098196392785574     
   54.188376753507015     
   54.278557114228462     
   54.368737474949903     
   54.458917835671343     
   54.549098196392791     
   54.639278557114231     
   54.729458917835672     
   54.819639278557119     
   54.909819639278560     
   55.000000000000000     
