   1.7947749999999998E-002
   1.8246782693004209E-002
   1.8551473031618072E-002
   1.8861635928289520E-002
   1.9177086295466505E-002
   1.9497639045596947E-002
   1.9823109091128790E-002
   2.0153311344509980E-002
   2.0488060718188435E-002
   2.0827172124612114E-002
   2.1170460476228940E-002
   2.1517740685486859E-002
   2.1868827664833806E-002
   2.2223536326717714E-002
   2.2581681583586529E-002
   2.2943078347888186E-002
   2.3307541532070611E-002
   2.3674886048581752E-002
   2.4044926809869555E-002
   2.4417478728381938E-002
   2.4792356716566856E-002
   2.5169375686872233E-002
   2.5548350551746025E-002
   2.5929096223636143E-002
   2.6311427614990550E-002
   2.6695159638257165E-002
   2.7080107205883927E-002
   2.7466085230318796E-002
   2.7852908624009676E-002
   2.8240392299404539E-002
   2.8628351168951294E-002
   2.9016600145097885E-002
   2.9404954140292264E-002
   2.9793228066982355E-002
   3.0181236837616102E-002
   3.0568795364641445E-002
   3.0955718560506298E-002
   3.1341821337658636E-002
   3.1726918608546366E-002
   3.2110825285617435E-002
   3.2493356281319788E-002
   3.2874326508101362E-002
   3.3253550878410081E-002
   3.3630844304693909E-002
   3.4006021699400743E-002
   3.4378897974978548E-002
   3.4749288043875275E-002
   3.5117006818538833E-002
   3.5481869211417168E-002
   3.5843690134958216E-002
   3.6202284501609922E-002
   3.6557467223820209E-002
   3.6909053214037042E-002
   3.7256857384708332E-002
   3.7600694648282029E-002
   3.7940379917206064E-002
   3.8276916380638841E-002
   3.8615851283726167E-002
   3.8957714650842724E-002
   3.9302274464241518E-002
   3.9649298706175541E-002
   3.9998555358897764E-002
   4.0349812404661213E-002
   4.0702837825718881E-002
   4.1057399604323724E-002
   4.1413265722728791E-002
   4.1770204163187039E-002
   4.2127982907951472E-002
   4.2486369939275098E-002
   4.2845133239410901E-002
   4.3204040790611874E-002
   4.3562860575131000E-002
   4.3921360575221322E-002
   4.4279308773135767E-002
   4.4636473151127398E-002
   4.4992621691449138E-002
   4.5347522376354032E-002
   4.5700943188095075E-002
   4.6052652108925222E-002
   4.6402417121097501E-002
   4.6750006206864932E-002
   4.7095187348480443E-002
   4.7437728528197075E-002
   4.7777397728267820E-002
   4.8113962930945650E-002
   4.8447192118483584E-002
   4.8776853273134607E-002
   4.9102714377151697E-002
   4.9424543412787889E-002
   4.9742108362296138E-002
   5.0055177207929465E-002
   5.0363517931940854E-002
   5.0666898516583292E-002
   5.0965086944109783E-002
   5.1257851196773334E-002
   5.1544959256826908E-002
   5.1826179106523540E-002
   5.2101278728116200E-002
   5.2370026103857874E-002
   5.2632189216001581E-002
   5.2887536046800292E-002
   5.3135834578507020E-002
   5.3376852793374750E-002
   5.3610358673656489E-002
   5.3836120201605213E-002
   5.4053905359473943E-002
   5.4263482129515636E-002
   5.4464618493983312E-002
   5.4657082435129976E-002
   5.4840641935208614E-002
   5.5015064976472190E-002
   5.5180131224651631E-002
   5.5336816516917436E-002
   5.5485951211023947E-002
   5.5627665638981715E-002
   5.5762090132801298E-002
   5.5889355024493263E-002
   5.6009590646068190E-002
   5.6122927329536602E-002
   5.6229495406909101E-002
   5.6329425210196224E-002
   5.6422847071408530E-002
   5.6509891322556606E-002
   5.6590688295650983E-002
   5.6665368322702248E-002
   5.6734061735720945E-002
   5.6796898866717641E-002
   5.6854010047702935E-002
   5.6905525610687333E-002
   5.6951575887681398E-002
   5.6992291210695739E-002
   5.7027801911740894E-002
   5.7058238322827401E-002
   5.7083730775965860E-002
   5.7104409603166810E-002
   5.7120405136440802E-002
   5.7131847707798444E-002
   5.7138867649250254E-002
   5.7141595292806810E-002
   5.7140160970478679E-002
   5.7134695014276406E-002
   5.7125327756210584E-002
   5.7112189528291731E-002
   5.7095410662530439E-002
   5.7075121490937269E-002
   5.7051452345522766E-002
   5.7024533558297515E-002
   5.6994495461272068E-002
   5.6961468386456965E-002
   5.6925582665862812E-002
   5.6886968631500133E-002
   5.6845756615379509E-002
   5.6802076949511490E-002
   5.6756059965906658E-002
   5.6707835996575535E-002
   5.6657535373528731E-002
   5.6605288428776795E-002
   5.6551225494330254E-002
   5.6495476902199700E-002
   5.6438172984395713E-002
   5.6379444072928810E-002
   5.6319420499809578E-002
   5.6258232597048596E-002
   5.6196010696656376E-002
   5.6132885130643531E-002
   5.6068986231020607E-002
   5.6004444329798148E-002
   5.5937634475491591E-002
   5.5863060455487869E-002
   5.5780579409603015E-002
   5.5690490423596348E-002
   5.5593092583227102E-002
   5.5488684974254590E-002
   5.5377566682438095E-002
   5.5260036793536867E-002
   5.5136394393310209E-002
   5.5006938567517399E-002
   5.4871968401917701E-002
   5.4731782982270424E-002
   5.4586681394334806E-002
   5.4436962723870157E-002
   5.4282926056635740E-002
   5.4124870478390839E-002
   5.3963095074894753E-002
   5.3797898931906722E-002
   5.3629581135186045E-002
   5.3458440770492034E-002
   5.3284776923583917E-002
   5.3108888680220984E-002
   5.2931075126162540E-002
   5.2751635347167834E-002
   5.2570868428996165E-002
   5.2389073457406822E-002
   5.2206549518159055E-002
   5.2023595697012148E-002
   5.1840511079725385E-002
   5.1657594752058084E-002
   5.1475145799769466E-002
   5.1293463308618829E-002
   5.1112846364365465E-002
   5.0933594052768656E-002
   5.0756005459587632E-002
   5.0580379670581752E-002
   5.0407015771510258E-002
   5.0236212848132386E-002
   5.0068269986207482E-002
   4.9903486271494803E-002
   4.9742160789753603E-002
   4.9584592626743189E-002
   4.9431080868222850E-002
   4.9281924599951822E-002
   4.9137422907689431E-002
   4.8997874877194932E-002
   4.8863579594227588E-002
   4.8734836144546705E-002
   4.8611943613911565E-002
   4.8495201088081440E-002
   4.8384907652815605E-002
   4.8281362393873331E-002
   4.8184864397013902E-002
   4.8095712747996622E-002
   4.8014206532580747E-002
   4.7940456630093539E-002
   4.7869587071223255E-002
   4.7799423728458267E-002
   4.7730079200929393E-002
   4.7661666087767438E-002
   4.7594296988103205E-002
   4.7528084501067540E-002
   4.7463141225791240E-002
   4.7399579761405124E-002
   4.7337512707040008E-002
   4.7277052661826718E-002
   4.7218312224896052E-002
   4.7161403995378839E-002
   4.7106440572405900E-002
   4.7053534555108023E-002
   4.7002798542616055E-002
   4.6954345134060806E-002
   4.6908286928573066E-002
   4.6864736525283689E-002
   4.6823806523323463E-002
   4.6785609521823222E-002
   4.6750258119913797E-002
   4.6717864916725936E-002
   4.6688542511390541E-002
   4.6662403503038380E-002
   4.6639560490800272E-002
   4.6620126073807042E-002
   4.6604212851189500E-002
   4.6591933422078478E-002
   4.6583400385604760E-002
   4.6578726340899199E-002
   4.6578023887092583E-002
   4.6581405623315739E-002
   4.6588984148699497E-002
   4.6600872062374649E-002
   4.6617181963471997E-002
   4.6638026451122409E-002
   4.6663518124456682E-002
   4.6693769582605599E-002
   4.6728893424700019E-002
   4.6769002249870732E-002
   4.6814208657248557E-002
   4.6864625245964318E-002
   4.6920364615148827E-002
   4.6981539363932900E-002
   4.7048262091447364E-002
   4.7120645396823028E-002
   4.7198801879190691E-002
   4.7282844137681190E-002
   4.7372884771425344E-002
   4.7469036379553936E-002
   4.7571411561197825E-002
   4.7680122915487809E-002
   4.7795283041554698E-002
   4.7917004538529318E-002
   4.8045400005542485E-002
   4.8181243640375883E-002
   4.8325936221990454E-002
   4.8479298786883458E-002
   4.8641095495692496E-002
   4.8811090509055181E-002
   4.8989047987609169E-002
   4.9174732091991982E-002
   4.9367906982841304E-002
   4.9568336820794742E-002
   4.9775785766489875E-002
   4.9990017980564329E-002
   5.0210797623655733E-002
   5.0437888856401651E-002
   5.0671055839439733E-002
   5.0910062733407604E-002
   5.1154673698942825E-002
   5.1404652896683035E-002
   5.1659764487265891E-002
   5.1919772631328909E-002
   5.2184441489509757E-002
   5.2453535222446078E-002
   5.2726817990775401E-002
   5.3004053955135376E-002
   5.3285007276163664E-002
   5.3569442114497795E-002
   5.3857122630775418E-002
   5.4147812985634189E-002
   5.4441277339711616E-002
   5.4737279853645390E-002
   5.5035584688073111E-002
   5.5335956003632364E-002
   5.5638157960960777E-002
   5.5941954720695970E-002
   5.6247110443475530E-002
   5.6553389289937091E-002
   5.6860555420718273E-002
   5.7168372996456655E-002
   5.7476606177789852E-002
   5.7785019125355497E-002
   5.8093375999791218E-002
   5.8401440961734545E-002
   5.8708978171823203E-002
   5.9015751790694695E-002
   5.9321525978986704E-002
   5.9626064897336815E-002
   5.9929132706382664E-002
   6.0230493566761793E-002
   6.0529911639111901E-002
   6.0827151084070566E-002
   6.1121976062275332E-002
   6.1414150734363938E-002
   6.1703439260973929E-002
   6.1989605802742861E-002
   6.2272414520308440E-002
   6.2551629574308265E-002
   6.2827645536850565E-002
   6.3108379496968500E-002
   6.3395984696421590E-002
   6.3690082125905711E-002
   6.3990292776116786E-002
   6.4296237637750692E-002
   6.4607537701503320E-002
   6.4923813958070564E-002
   6.5244687398148343E-002
   6.5569779012432536E-002
   6.5898709791619034E-002
   6.6231100726403730E-002
   6.6566572807482530E-002
   6.6904747025551298E-002
   6.7245244371305982E-002
   6.7587685835442446E-002
   6.7931692408656583E-002
   6.8276885081644312E-002
   6.8622884845101470E-002
   6.8969312689724005E-002
   6.9315789606207823E-002
   6.9661936585248774E-002
   7.0007374617542750E-002
   7.0351724693785714E-002
   7.0694607804673501E-002
   7.1035644940902004E-002
   7.1374457093167157E-002
   7.1710665252164796E-002
   7.2043890408590897E-002
   7.2373753553141282E-002
   7.2699875676511871E-002
   7.3021877769398613E-002
   7.3339380822497302E-002
   7.3652005826503872E-002
   7.3959373772114270E-002
   7.4261105650024334E-002
   7.4556822450929941E-002
   7.4846145165527053E-002
   7.5128694784511549E-002
   7.5404092298579278E-002
   7.5671958698426162E-002
   7.5931914974748133E-002
   7.6183582118241000E-002
   7.6426581119600739E-002
   7.6660532969523201E-002
   7.6885058658704292E-002
   7.7099779177839944E-002
   7.7304315517625996E-002
   7.7498288668758339E-002
   7.7681319621932934E-002
   7.7853029367845619E-002
   7.8013038897192299E-002
   7.8160969200668881E-002
   7.8296441268971256E-002
   7.8419076092795303E-002
   7.8528494662836942E-002
   7.8628010488469832E-002
   7.8722993500279462E-002
   7.8813378253563451E-002
   7.8899042135580008E-002
   7.8979862533587478E-002
   7.9055716834843984E-002
   7.9126482426607830E-002
   7.9192036696137239E-002
   7.9252257030690471E-002
   7.9307020817525747E-002
   7.9356205443901318E-002
   7.9399688297075444E-002
   7.9437346764306319E-002
   7.9469058232852219E-002
   7.9494700089971393E-002
   7.9514149722922034E-002
   7.9527284518962460E-002
   7.9533981865350864E-002
   7.9534119149345481E-002
   7.9527573758204559E-002
   7.9514223079186361E-002
   7.9493944499549093E-002
   7.9466615406551019E-002
   7.9432113187450387E-002
   7.9390315229505445E-002
   7.9341098919974401E-002
   7.9284341646115516E-002
   7.9219920795186999E-002
   7.9147713754447180E-002
   7.9067597911154211E-002
   7.8979450652566369E-002
   7.8883149365941888E-002
   7.8778571438539044E-002
   7.8665594257615989E-002
   7.8544095210431056E-002
   7.8413951684242464E-002
   7.8275041066308421E-002
   7.8127240743887216E-002
   7.7970428104237044E-002
   7.7804480534616166E-002
   7.7629275422282817E-002
   7.7444690154495288E-002
   7.7250602118511730E-002
   7.7046888701590474E-002
   7.6833427290989686E-002
   7.6610095273967671E-002
   7.6376770037782662E-002
   7.6133328969692812E-002
   7.5879649456956494E-002
   7.5615608886831859E-002
   7.5341084646577183E-002
   7.5055954123450702E-002
   7.4760094704710636E-002
   7.4453383777615276E-002
   7.4135698729422800E-002
   7.3806498646108568E-002
   7.3462663807302486E-002
   7.3103871628028214E-002
   7.2730477719037914E-002
   7.2342837691083725E-002
   7.1941307154917908E-002
   7.1526241721292586E-002
   7.1097997000959964E-002
   7.0656928604672237E-002
   7.0203392143181595E-002
   6.9737743227240162E-002
   6.9260337467600214E-002
   6.8771530475013803E-002
   6.8271677860233249E-002
   6.7761135234010686E-002
   6.7240258207098239E-002
   6.6709402390248182E-002
   6.6168923394212667E-002
   6.5619176829743817E-002
   6.5060518307593920E-002
   6.4493303438515101E-002
   6.3917887833259482E-002
   6.3334627102579380E-002
   6.2743876857226905E-002
   6.2145992707954179E-002
   6.1541330265513512E-002
   6.0930245140657036E-002
   6.0313092944136844E-002
   5.9690229286705268E-002
   5.9062009779114424E-002
   5.8428790032116443E-002
   5.7790925656463599E-002
   5.7148772262908036E-002
   5.6502685462201899E-002
   5.5853020865097441E-002
   5.5200134082346766E-002
   5.4544380724702149E-002
   5.3886116402915733E-002
   5.3225696727739642E-002
   5.2563477309926165E-002
   5.1899813760227426E-002
   5.1235061689395574E-002
   5.0569576708182878E-002
   4.9903714427341470E-002
   4.9237830457623491E-002
   4.8572280409781232E-002
   4.7907419894566809E-002
   4.7243604522732352E-002
   4.6581189905030171E-002
   4.5920531652212368E-002
   4.5261985375031101E-002
   4.4605906684238653E-002
   4.3952651190587125E-002
   4.3302574504828689E-002
   4.2656032237715594E-002
   4.2013380000000003E-002
