   1.7958041553924296E-002
   1.8118037039591705E-002
   1.8291283636083861E-002
   1.8477406709530981E-002
   1.8676035025901119E-002
   1.8886800774551408E-002
   1.9109339591043092E-002
   1.9343290579223234E-002
   1.9588296332578227E-002
   1.9844002954864010E-002
   2.0110060080016846E-002
   2.0386120891350258E-002
   2.0671842140041478E-002
   2.0966884162913296E-002
   2.1270910899514987E-002
   2.1583589908506628E-002
   2.1904592383353017E-002
   2.2233593167329813E-002
   2.2570270767847598E-002
   2.2914307370098429E-002
   2.3265388850029389E-002
   2.3623204786646486E-002
   2.3987448473656407E-002
   2.4357816930446613E-002
   2.4734010912413694E-002
   2.5115734920638028E-002
   2.5502697210915581E-002
   2.5894609802146980E-002
   2.6291188484091670E-002
   2.6692152824488297E-002
   2.7097226175549570E-002
   2.7506135679833447E-002
   2.7918612275496715E-002
   2.8334390700934534E-002
   2.8753209498811966E-002
   2.9174811019489502E-002
   2.9598941423851083E-002
   3.0025350685534958E-002
   3.0453792592575624E-002
   3.0884024748457719E-002
   3.1315808572590642E-002
   3.1748909300205311E-002
   3.2183095981678775E-002
   3.2618141481291073E-002
   3.3053822475419145E-002
   3.3489919450172490E-002
   3.3926216698474738E-002
   3.4362502316595746E-002
   3.4798568200139643E-002
   3.5234210039491898E-002
   3.5669227314730809E-002
   3.6103423290009519E-002
   3.6536605007409677E-002
   3.6968583280275025E-002
   3.7399172686026168E-002
   3.7828191558464300E-002
   3.8255461979565752E-002
   3.8680809770773913E-002
   3.9104064483791848E-002
   3.9525059390880225E-002
   3.9943631474666896E-002
   4.0359621417470161E-002
   4.0772873590142027E-002
   4.1183236040435521E-002
   4.1590560480900735E-002
   4.1994702276313502E-002
   4.2395520430643256E-002
   4.2792877573562316E-002
   4.3186639946501654E-002
   4.3576677388260140E-002
   4.3962863320167765E-002
   4.4345074730811708E-002
   4.4723192160326226E-002
   4.5097099684253204E-002
   4.5466684896976896E-002
   4.5831838894738311E-002
   4.6192456258233011E-002
   4.6548435034796561E-002
   4.6899676720184871E-002
   4.7246086239948637E-002
   4.7587571930414095E-002
   4.7924045519265802E-002
   4.8255422105745495E-002
   4.8581620140461787E-002
   4.8902561404825101E-002
   4.9218170990103470E-002
   4.9528377276110785E-002
   4.9833111909527342E-002
   5.0132309781860368E-002
   5.0425909007047937E-002
   5.0713850898709348E-002
   5.0996079947049307E-002
   5.1272543795419089E-002
   5.1543193216539378E-002
   5.1807982088388424E-002
   5.2066867369762800E-002
   5.2319809075511356E-002
   5.2566770251451539E-002
   5.2807716948969595E-002
   5.3042618199307792E-002
   5.3271445987548981E-002
   5.3494175226297111E-002
   5.3710783729062066E-002
   5.3921252183350130E-002
   5.4125564123469597E-002
   5.4323705903049420E-002
   5.4515666667283115E-002
   5.4701438324894998E-002
   5.4881015519839565E-002
   5.5054395602733508E-002
   5.5221578602030863E-002
   5.5382567194938226E-002
   5.5537366678082151E-002
   5.5685984937927452E-002
   5.5828432420955865E-002
   5.5964722103606167E-002
   5.6094869461980404E-002
   5.6218892441323623E-002
   5.6336811425279465E-002
   5.6448649204926107E-002
   5.6554430947598440E-002
   5.6654184165498847E-002
   5.6747938684105929E-002
   5.6835726610379229E-002
   5.6917582300768765E-002
   5.6993542329033794E-002
   5.7063645453873581E-002
   5.7127932586377904E-002
   5.7186446757295964E-002
   5.7239233084135532E-002
   5.7286338738093148E-002
   5.7327812910817108E-002
   5.7363706781016162E-002
   5.7394073480906950E-002
   5.7418968062519650E-002
   5.7438447463848741E-002
   5.7452570474867189E-002
   5.7461397703408815E-002
   5.7464991540906521E-002
   5.7463416128017496E-002
   5.7456737320112861E-002
   5.7445022652660591E-002
   5.7428341306483173E-002
   5.7406764072918087E-002
   5.7380363318864064E-002
   5.7349212951734466E-002
   5.7313388384310465E-002
   5.7272966499506583E-002
   5.7228025615050485E-002
   5.7178645448078047E-002
   5.7124907079655340E-002
   5.7066892919224912E-002
   5.7004686668988114E-002
   5.6938373288220448E-002
   5.6868038957533174E-002
   5.6793771043072705E-002
   5.6715658060681962E-002
   5.6633789640006177E-002
   5.6548256488566429E-002
   5.6459150355792520E-002
   5.6366563997027483E-002
   5.6270591137504114E-002
   5.6171326436303168E-002
   5.6068865450287941E-002
   5.5963304598032379E-002
   5.5854741123736881E-002
   5.5743273061143725E-002
   5.5628999197451220E-002
   5.5512019037234808E-002
   5.5392432766380131E-002
   5.5270341216022950E-002
   5.5145845826521267E-002
   5.5019048611441218E-002
   5.4890052121576244E-002
   5.4758959408995611E-002
   5.4625873991137441E-002
   5.4490899814938321E-002
   5.4354141221009178E-002
   5.4215702907869145E-002
   5.4075689896228768E-002
   5.3934207493336384E-002
   5.3791361257393200E-002
   5.3647256962032708E-002
   5.3502000560876423E-002
   5.3355698152171727E-002
   5.3208455943507676E-002
   5.3060380216627123E-002
   5.2911577292321654E-002
   5.2762153495431646E-002
   5.2612215119945877E-002
   5.2461868394208355E-002
   5.2311219446232682E-002
   5.2160374269138443E-002
   5.2009438686702381E-002
   5.1858518319039121E-002
   5.1707718548405168E-002
   5.1557144485144590E-002
   5.1406900933767430E-002
   5.1257092359174888E-002
   5.1107822853031309E-002
   5.0959196100285153E-002
   5.0811315345854813E-002
   5.0664283361469886E-002
   5.0518202412677238E-002
   5.0373174226028716E-002
   5.0229299956424778E-002
   5.0086680154661112E-002
   4.9945414735140636E-002
   4.9805602943785554E-002
   4.9667343326144253E-002
   4.9530733695682228E-002
   4.9395871102293265E-002
   4.9262851801010255E-002
   4.9131771220927212E-002
   4.9002723934340686E-002
   4.8875803626107439E-002
   4.8751103063238210E-002
   4.8628714064708256E-002
   4.8508727471515967E-002
   4.8391233116971077E-002
   4.8276319797230738E-002
   4.8164075242091431E-002
   4.8054586086018092E-002
   4.7947937839447841E-002
   4.7844214860344125E-002
   4.7743500326025590E-002
   4.7645876205263560E-002
   4.7551423230657086E-002
   4.7460220871284708E-002
   4.7372347305648210E-002
   4.7287879394900645E-002
   4.7206892656373678E-002
   4.7129461237402026E-002
   4.7055657889447211E-002
   4.6985553942540670E-002
   4.6919219280031621E-002
   4.6856722313647792E-002
   4.6798129958890877E-002
   4.6743507610755630E-002
   4.6692919119768028E-002
   4.6646426768374161E-002
   4.6604091247665291E-002
   4.6565971634443315E-002
   4.6532125368640709E-002
   4.6502608231090203E-002
   4.6477474321666046E-002
   4.6456776037768543E-002
   4.6440564053186639E-002
   4.6428887297348065E-002
   4.6421792934910888E-002
   4.6419326345778167E-002
   4.6421531105465319E-002
   4.6428448965877722E-002
   4.6440119836479332E-002
   4.6456581765858540E-002
   4.6477870923697151E-002
   4.6504021583157695E-002
   4.6535066103677858E-002
   4.6571034914182796E-002
   4.6611956496718787E-002
   4.6657857370524081E-002
   4.6708762076531629E-002
   4.6764693162280824E-002
   4.6825671167318061E-002
   4.6891714608999879E-002
   4.6962839968773040E-002
   4.7039061678904925E-002
   4.7120392109656350E-002
   4.7206841556950430E-002
   4.7298418230478534E-002
   4.7395128242295748E-002
   4.7496975595903823E-002
   4.7603962175787329E-002
   4.7716087737472490E-002
   4.7833349898051436E-002
   4.7955744127209377E-002
   4.8083263738762705E-002
   4.8215899882693369E-002
   4.8353641537689951E-002
   4.8496475504219205E-002
   4.8644386398096762E-002
   4.8797356644599388E-002
   4.8955366473093065E-002
   4.9118393912206404E-002
   4.9286414785523203E-002
   4.9459402707841216E-002
   4.9637329081961390E-002
   4.9820163096026882E-002
   5.0007871721435393E-002
   5.0200419711285305E-002
   5.0397769599421549E-002
   5.0599881700018612E-002
   5.0806714107750839E-002
   5.1018222698556270E-002
   5.1234361130951589E-002
   5.1455080847977008E-002
   5.1680331079679842E-002
   5.1910058846259322E-002
   5.2144208961760752E-002
   5.2382724038395834E-002
   5.2625544491488263E-002
   5.2872608545003308E-002
   5.3123852237733526E-002
   5.3379209430075125E-002
   5.3638611811458015E-002
   5.3901988908399812E-002
   5.4169268093201550E-002
   5.4440374593281327E-002
   5.4715231501171413E-002
   5.4993759785144647E-002
   5.5275878300508285E-002
   5.5561503801566214E-002
   5.5850550954249734E-002
   5.6142932349391383E-002
   5.6438558516703985E-002
   5.6737337939440913E-002
   5.7039177069702962E-002
   5.7343980344484624E-002
   5.7651650202373617E-002
   5.7962087100986270E-002
   5.8275189535052174E-002
   5.8590854055264430E-002
   5.8908975287810694E-002
   5.9229445954629423E-002
   5.9552156894360220E-002
   5.9876997084078010E-002
   6.0203853661695561E-002
   6.0532611949162263E-002
   6.0863155476318376E-002
   6.1195366005589946E-002
   6.1529123557372056E-002
   6.1864306436175021E-002
   6.2200791257517984E-002
   6.2538452975645420E-002
   6.2877164911915528E-002
   6.3216798784047068E-002
   6.3557224736092710E-002
   6.3898311369181560E-002
   6.4239925773117434E-002
   6.4581933558692572E-002
   6.4924198890834894E-002
   6.5266584522513327E-002
   6.5608951829546847E-002
   6.5951160846074774E-002
   6.6293070300970314E-002
   6.6634537655001935E-002
   6.6975419138819881E-002
   6.7315569791812191E-002
   6.7654843501746775E-002
   6.7993093045270570E-002
   6.8330170129231149E-002
   6.8665925432878083E-002
   6.9000208650869865E-002
   6.9332868537200554E-002
   6.9663752949882252E-002
   6.9992708896601030E-002
   7.0319582581141127E-002
   7.0644219450797685E-002
   7.0966464244543559E-002
   7.1286161042150908E-002
   7.1603153314216961E-002
   7.1917283972977586E-002
   7.2228395424146719E-002
   7.2536329619574680E-002
   7.2840928110821324E-002
   7.3142032103642229E-002
   7.3439482513447452E-002
   7.3733120021546306E-002
   7.4022785132447311E-002
   7.4308318232022330E-002
   7.4589559646609516E-002
   7.4866349703071045E-002
   7.5138528789738146E-002
   7.5405937418385527E-002
   7.5668416287117957E-002
   7.5925806344157465E-002
   7.6177948852665267E-002
   7.6424685456533581E-002
   7.6665858247068286E-002
   7.6901309830706310E-002
   7.7130883397720673E-002
   7.7354422791844790E-002
   7.7571772580951937E-002
   7.7782778128699270E-002
   7.7987285667136419E-002
   7.8185142370370997E-002
   7.8376196429213785E-002
   7.8560297126850642E-002
   7.8737294915440792E-002
   7.8907041493907926E-002
   7.9069389886559094E-002
   7.9224194522914182E-002
   7.9371311318414683E-002
   7.9510597756256018E-002
   7.9641912970247475E-002
   7.9765117828730858E-002
   7.9880075019512553E-002
   7.9986649135838306E-002
   8.0084706763559055E-002
   8.0174116569173393E-002
   8.0254749389077062E-002
   8.0326478319811656E-002
   8.0389178809502582E-002
   8.0442728750160342E-002
   8.0487008571365593E-002
   8.0521901334776658E-002
   8.0547292829905359E-002
   8.0563071670916031E-002
   8.0569129394568506E-002
   8.0565360559269550E-002
   8.0551662845174121E-002
   8.0527937155503437E-002
   8.0494087718960827E-002
   8.0450022193220505E-002
   8.0395651769601173E-002
   8.0330891278899585E-002
   8.0255659298289928E-002
   8.0169878259447103E-002
   8.0073474557746493E-002
   7.9966378662783555E-002
   7.9848525229754941E-002
   7.9719853212367298E-002
   7.9580305976612919E-002
   7.9429831415913199E-002
   7.9268382067359866E-002
   7.9095915229100200E-002
   7.8912393079077603E-002
   7.8717782794742064E-002
   7.8512056674128416E-002
   7.8295192258075019E-002
   7.8067172453652134E-002
   7.7827985658771581E-002
   7.7577625888144652E-002
   7.7316092900227673E-002
   7.7043392325586879E-002
   7.6759535796508516E-002
   7.6464541077649884E-002
   7.6158432198118575E-002
   7.5841239584729436E-002
   7.5513000196453461E-002
   7.5173757660241591E-002
   7.4823562408012023E-002
   7.4462471814896958E-002
   7.4090550338860695E-002
   7.3707869661427949E-002
   7.3314508829826153E-002
   7.2910554400371197E-002
   7.2496100583073542E-002
   7.2071249387649416E-002
   7.1636110770660011E-002
   7.1190802784231622E-002
   7.0735451725678189E-002
   7.0270192288852229E-002
   6.9795167716488749E-002
   6.9310529953998667E-002
   6.8816439804656682E-002
   6.8313067085963297E-002
   6.7800590787392423E-002
   6.7279199229563602E-002
   6.6749090224597296E-002
   6.6210471237983626E-002
   6.5663559551676798E-002
   6.5108582428543116E-002
   6.4545777278240735E-002
   6.3975391824513395E-002
   6.3397684273596155E-002
   6.2812923484340644E-002
   6.2221389139413219E-002
   6.1623371918063441E-002
   6.1019173670214144E-002
   6.0409107591951283E-002
   5.9793498402381573E-002
   5.9172682521985820E-002
   5.8547008252212152E-002
   5.7916835956554280E-002
   5.7282538243221381E-002
   5.6644500148934185E-002
   5.6003119324216755E-002
   5.5358806220414891E-002
   5.4711984277663106E-002
   5.4063090114567558E-002
   5.3412573719487710E-002
   5.2760898642823406E-002
   5.2108542191131590E-002
   5.1455995622603723E-002
   5.0803764343825719E-002
   5.0152368108260958E-002
   4.9502341216040691E-002
   4.8854232715250134E-002
   4.8208606604763560E-002
   4.7566042038461376E-002
   4.6927133531021070E-002
   4.6292491165090155E-002
   4.5662740800178625E-002
   4.5038524282720260E-002
   4.4420499657960022E-002
   4.3809341383120426E-002
   4.3205740542180848E-002
   4.2610405062308843E-002
   4.2024059931449642E-002
